121,69,160,181,1.000000
124,69,163,181,0.938082
127,70,166,182,0.909556
130,71,169,183,0.909443
133,71,172,183,0.921744
136,71,175,183,0.927283
139,70,178,182,0.917936
143,70,182,182,0.920449
147,69,186,181,0.870691
152,69,191,181,0.907148
157,69,196,181,0.899719
163,69,202,181,0.899470
170,69,209,181,0.870859
172,71,211,183,0.793289
173,71,212,183,0.803841
176,71,215,183,0.842178
178,71,217,183,0.837045
180,71,219,183,0.832394
186,71,225,183,0.809471
189,72,228,184,0.832059
191,72,230,184,0.831909
195,73,234,185,0.799541
197,72,236,184,0.809698
198,72,237,184,0.801174
200,72,239,184,0.795620
202,73,241,185,0.767748
204,73,243,185,0.754896
205,73,244,185,0.763155
206,74,245,186,0.718823
209,74,248,186,0.711209
211,74,250,186,0.716347
214,74,253,186,0.703306
216,74,255,186,0.706954
213,71,252,183,0.707889
197,71,236,183,0.677106
191,72,230,183,0.758842
174,73,213,185,0.604944
175,72,214,185,0.618695
176,72,215,185,0.636174
177,72,216,185,0.643486
178,73,217,186,0.655634
179,72,218,185,0.650822
180,72,219,185,0.658661
181,72,220,185,0.652852
182,72,221,185,0.642274
183,72,222,185,0.637881
183,72,222,184,0.681614
179,72,218,183,0.739244
171,72,210,183,0.752274
164,72,203,183,0.712943
147,72,186,183,0.743105
135,72,174,183,0.695549
134,71,173,183,0.623526
135,71,174,183,0.639004
136,72,175,184,0.650961
138,72,177,184,0.614636
139,72,178,184,0.688942
140,72,179,184,0.633556
141,72,180,184,0.624663
143,72,182,184,0.649536
139,71,178,182,0.710123
131,71,170,182,0.702128
115,71,154,183,0.698910
107,70,146,183,0.605802
103,69,142,182,0.589848
102,69,141,182,0.575110
103,69,142,182,0.629545
103,68,142,181,0.638121
104,68,143,181,0.606500
106,69,145,182,0.604856
107,69,146,182,0.625231
110,70,149,183,0.628628
111,70,150,183,0.605038
113,70,152,183,0.593040
115,70,154,183,0.645155
124,72,162,183,0.616425
143,72,181,183,0.585499
155,73,193,183,0.628142
163,72,201,183,0.616156
166,72,204,183,0.593011
170,72,208,183,0.609880
171,72,209,183,0.609304
170,72,208,183,0.599162
170,72,208,183,0.572747
170,72,208,183,0.573849
169,72,207,183,0.565538
167,72,205,184,0.562423
165,72,203,184,0.548488
163,71,201,184,0.544901
161,70,199,184,0.559212
155,69,193,183,0.607021
133,68,171,183,0.624378
123,67,161,182,0.661371
111,66,149,182,0.643420
103,65,141,181,0.637825
100,65,138,181,0.623923
97,65,135,180,0.634118
94,66,132,180,0.579982
91,67,129,180,0.577715
88,67,126,180,0.580345
85,67,123,180,0.583334
82,67,120,180,0.602376
76,66,114,179,0.619824
73,65,111,178,0.615070
70,64,108,177,0.606234
67,64,105,177,0.582258
78,65,116,177,0.599245
86,67,124,177,0.662401
94,69,132,177,0.695909
102,69,140,178,0.654322
107,69,145,179,0.631246
107,69,145,179,0.648223
106,69,144,178,0.669357
105,69,143,178,0.668176
104,69,142,178,0.663606
102,69,140,178,0.655617
98,68,136,178,0.660771
96,68,134,178,0.666362
94,68,131,176,0.677259
94,68,131,175,0.667211
105,69,142,175,0.668176
110,68,147,175,0.693901
117,68,154,175,0.677632
124,69,161,175,0.676188
139,71,174,173,0.665379
139,72,173,171,0.699038
137,71,171,171,0.709072
134,70,168,171,0.708690
132,70,167,172,0.700842
130,71,164,171,0.710684
128,72,162,170,0.697209
124,73,158,170,0.710470
123,73,156,168,0.721348
134,73,167,168,0.718778
143,74,176,168,0.568100
154,73,186,167,0.601054
157,73,189,166,0.555109
158,73,190,167,0.550489
155,72,187,166,0.553937
152,71,184,165,0.537177
150,71,182,165,0.560263
146,71,178,165,0.556578
145,71,177,165,0.554284
141,71,173,165,0.576780
155,79,171,124,0.657486
153,79,169,124,0.633243
150,79,166,124,0.637998
148,79,164,124,0.602045
130,69,163,166,0.588280
127,69,161,167,0.583416
125,69,159,167,0.608280
122,69,156,167,0.636532
120,69,154,168,0.621011
117,69,152,169,0.622619
115,69,150,169,0.648654
113,69,148,170,0.645932
110,69,144,168,0.681260
108,69,142,167,0.663585
104,69,138,168,0.621531
102,68,137,168,0.586081
102,69,137,169,0.636396
99,68,135,171,0.660025
97,70,133,175,0.652723
94,89,131,196,0.618497
92,95,129,202,0.627126
90,105,128,214,0.643135
85,113,125,227,0.677507
84,115,124,230,0.692375
86,114,126,229,0.677952
92,115,132,230,0.726241
98,115,139,232,0.689216
116,115,158,234,0.614011
122,115,164,234,0.633494
126,116,168,234,0.648988
128,116,170,233,0.637296
128,116,170,233,0.594857
127,117,169,233,0.586849
126,117,168,233,0.586776
125,117,167,233,0.576056
124,117,166,233,0.564161
123,117,165,233,0.546711
122,117,164,233,0.533120
121,117,163,232,0.520918
120,117,162,232,0.521949
119,117,161,232,0.532536
118,117,160,232,0.562168
117,117,159,232,0.543889
116,117,158,232,0.568599
115,117,157,232,0.575663
114,117,156,232,0.549162
113,117,155,232,0.557236
112,117,154,232,0.565487
111,107,153,221,0.548720
111,99,153,213,0.496967
109,79,151,193,0.517647
108,71,150,184,0.529686
107,63,150,177,0.491279
107,62,150,177,0.478944
113,62,156,177,0.465967
125,63,168,178,0.455610
134,63,177,178,0.478237
138,63,181,178,0.511047
143,62,186,179,0.576928
144,62,187,179,0.604291
144,62,187,179,0.576230
143,62,186,179,0.562241
142,62,185,179,0.550634
140,62,182,178,0.530243
137,62,179,179,0.606681
134,62,176,180,0.644872
132,62,174,180,0.737975
130,61,172,181,0.729778
128,60,170,180,0.721533
126,60,168,181,0.710035
124,60,167,183,0.698205
122,60,164,181,0.664134
119,60,162,183,0.692313
116,61,159,184,0.687066
115,61,158,183,0.653117
114,62,156,182,0.632589
114,62,155,179,0.665077
114,62,154,178,0.617905
114,63,154,178,0.614784
112,63,152,179,0.661035
112,63,152,179,0.628989
112,63,152,178,0.643433
112,63,152,176,0.659197
118,63,158,176,0.648971
132,63,172,176,0.630944
140,62,180,175,0.638266
147,62,187,175,0.657740
156,62,197,176,0.629586
155,63,196,177,0.628069
154,63,195,177,0.617339
152,63,193,178,0.617990
151,63,191,177,0.620193
150,63,190,177,0.626504
150,63,190,177,0.636155
150,63,190,177,0.616390
150,62,190,175,0.615022
150,62,190,175,0.636254
150,61,190,174,0.634922
149,61,189,174,0.663608
148,61,188,174,0.641451
146,60,187,176,0.655375
145,60,186,178,0.683027
144,60,185,177,0.693654
143,60,183,176,0.660787
143,60,183,175,0.668450
142,60,182,174,0.654874
141,60,181,174,0.660489
141,61,181,175,0.654821
141,61,181,175,0.635607
140,61,180,175,0.613323
139,61,179,175,0.617750
138,61,178,175,0.573661
137,61,177,175,0.562641
136,61,176,175,0.569120
134,61,174,175,0.579127
133,61,173,175,0.581697
132,61,172,175,0.592171
130,60,170,175,0.568560
129,60,169,175,0.538877
128,60,168,175,0.526906
126,60,166,175,0.504725
125,60,165,175,0.492836
124,60,164,175,0.470163
124,60,164,175,0.480208
124,60,164,175,0.483654
124,60,164,175,0.478101
125,60,165,175,0.507385
126,60,166,175,0.530506
128,60,168,175,0.574584
130,60,170,174,0.615253
133,60,173,175,0.654306
136,60,176,175,0.653063
140,60,180,174,0.675187
144,60,184,173,0.686999
150,60,190,173,0.699497
151,59,192,175,0.673892
154,59,194,174,0.647273
159,60,199,174,0.651774
162,61,202,176,0.646437
166,61,207,177,0.680134
169,60,211,178,0.735532
172,60,214,178,0.764345
177,59,220,180,0.761009
178,58,221,181,0.758477
179,55,223,181,0.755441
182,53,226,181,0.716925
184,54,228,182,0.679533
188,53,232,180,0.672235
191,54,235,180,0.467435
196,55,240,179,0.560321
200,56,244,180,0.628120
197,54,241,180,0.730357
192,54,237,182,0.681841
196,54,241,183,0.667690
198,53,244,184,0.667170
199,51,245,183,0.668976
202,51,248,183,0.619600
204,52,250,184,0.594387
205,52,251,184,0.567817
200,51,246,183,0.552616
184,50,230,183,0.535552
178,50,224,183,0.538580
165,50,210,180,0.530524
165,51,209,178,0.602797
165,52,209,177,0.592912
166,52,210,178,0.599690
167,51,212,179,0.617627
168,51,212,178,0.625272
171,53,215,179,0.626180
172,53,216,180,0.690137
175,53,218,178,0.661639
174,54,217,177,0.628283
168,54,212,179,0.675789
157,53,201,178,0.670054
152,53,196,179,0.635390
140,53,184,178,0.625319
143,56,185,177,0.610321
145,58,187,177,0.634501
145,57,187,178,0.641811
148,58,189,175,0.648428
150,59,191,176,0.632989
153,60,194,177,0.654893
154,60,195,176,0.652778
157,59,198,177,0.654158
161,60,202,178,0.663896
163,60,204,177,0.670135
166,61,207,178,0.667818
167,61,207,176,0.653510
170,61,210,177,0.699698
171,59,213,178,0.700691
173,59,215,179,0.655988
176,61,218,181,0.702553
179,61,221,181,0.683639
181,61,223,182,0.694821
176,62,218,182,0.710550
152,60,194,181,0.736385
143,60,185,180,0.717306
139,61,181,181,0.722424
140,61,182,182,0.545295
141,61,183,182,0.539604
142,61,184,180,0.562692
144,61,186,181,0.594179
124,58,164,174,0.665045
108,57,149,176,0.729309
101,57,143,177,0.740557
104,57,146,176,0.696053
108,56,150,176,0.671016
109,56,151,176,0.661362
112,56,153,174,0.688062
114,56,156,175,0.657438
116,56,158,176,0.659678
121,56,163,176,0.700441
125,56,167,175,0.700511
129,57,171,177,0.693335
134,58,176,177,0.696144
136,59,178,179,0.722968
139,59,180,178,0.748193
144,59,185,177,0.727030
165,60,205,177,0.759292
193,59,234,178,0.798685
203,58,245,180,0.748836
206,57,248,179,0.801628
208,56,250,177,0.858698
210,56,252,176,0.839586
213,55,255,175,0.820972
216,56,258,177,0.756064
219,55,262,178,0.797478
225,55,268,179,0.758932
229,53,273,180,0.735039
232,54,276,181,0.678646
234,53,279,182,0.688636
233,53,278,183,0.656345
217,50,261,176,0.635132
201,50,245,176,0.591129
186,51,230,176,0.674225
186,51,230,177,0.696858
186,51,230,177,0.709536
186,52,230,177,0.707940
186,53,230,177,0.720304
186,53,230,177,0.728176
184,52,228,176,0.735053
160,52,204,176,0.716069
137,51,181,175,0.737600
132,50,176,177,0.709150
132,50,176,177,0.715067
132,50,176,177,0.707312
132,50,176,176,0.701413
131,51,175,176,0.717304
108,50,152,174,0.688158
85,48,130,174,0.701860
83,47,128,174,0.674089
85,48,129,174,0.680390
87,49,131,174,0.650717
90,47,134,174,0.660609
96,46,140,172,0.562196
101,47,144,171,0.536443
103,47,145,169,0.496368
104,46,147,169,0.443970
121,73,160,185,0.677639
147,75,185,185,0.614416
144,45,187,170,0.444307
143,47,185,168,0.445313
138,47,180,168,0.570829
131,47,173,168,0.616552
137,48,179,169,0.545673
156,48,198,169,0.536020
168,50,210,171,0.580781
168,49,210,171,0.626487
165,49,207,171,0.673133
161,48,204,173,0.693338
157,49,200,174,0.678474
155,51,198,175,0.739193
144,54,186,175,0.642606
139,57,177,167,0.644520
137,58,175,166,0.654856
135,58,173,166,0.697193
132,59,170,166,0.705413
129,60,166,164,0.700701
126,60,162,163,0.715262
123,61,158,163,0.762190
118,61,153,162,0.767109
114,60,149,161,0.780703
110,59,145,161,0.787942
104,57,140,162,0.732115
99,56,136,162,0.731662
94,56,131,161,0.735327
90,55,126,158,0.737607
85,56,120,157,0.761649
82,57,117,157,0.755120
97,57,132,156,0.668278
124,59,158,157,0.726111
121,58,155,158,0.732682
117,56,151,155,0.721437
114,56,148,154,0.659262
112,56,146,155,0.658806
110,55,144,154,0.666471
109,54,143,152,0.605425
106,54,140,152,0.654076
104,54,138,152,0.662319
114,52,148,151,0.632021
144,52,178,150,0.600801
145,53,179,152,0.583223
142,54,176,153,0.590855
137,54,171,154,0.638729
160,52,197,160,0.488934
189,59,221,152,0.621112
187,57,219,150,0.688883
184,67,216,160,0.657952
179,72,211,166,0.653475
177,72,209,166,0.652327
174,72,206,166,0.679472
172,72,204,165,0.658771
170,71,202,164,0.615304
168,71,200,164,0.566899
165,72,196,163,0.559959
147,72,178,164,0.590929
125,70,156,162,0.554562
106,66,139,165,0.495202
102,64,136,166,0.541474
99,63,134,168,0.570189
97,62,132,167,0.584124
96,62,131,168,0.590732
94,63,129,170,0.586270
91,72,126,179,0.570414
90,75,125,182,0.554397
88,79,123,186,0.538566
87,79,122,186,0.538040
85,79,120,186,0.539709
84,79,120,187,0.548338
83,79,120,188,0.546594
80,79,117,188,0.542754
78,81,114,187,0.575667
77,83,112,185,0.575401
75,83,110,185,0.541254
72,84,107,185,0.525691
70,84,104,183,0.567131
68,84,101,181,0.590909
67,84,100,182,0.564664
66,83,100,183,0.571501
65,82,100,183,0.535519
84,83,118,182,0.547967
105,84,139,184,0.522497
106,83,141,186,0.504622
104,82,140,187,0.522671
102,81,138,186,0.493764
101,81,137,187,0.496091
111,83,146,184,0.526742
135,83,171,186,0.518258
149,83,185,186,0.525310
148,82,184,185,0.561796
146,83,182,185,0.565303
145,83,180,183,0.565516
144,83,179,183,0.555624
158,88,191,186,0.591475
177,87,210,185,0.621489
188,86,222,185,0.595305
186,85,220,183,0.597603
184,84,218,182,0.585380
181,84,215,182,0.606785
179,85,213,183,0.574465
176,85,210,183,0.586939
175,83,208,180,0.593082
173,83,207,181,0.575032
173,81,206,177,0.605803
171,70,205,167,0.574998
169,69,203,166,0.584323
167,70,201,166,0.606480
165,73,198,167,0.599430
163,72,197,169,0.586189
161,71,197,173,0.593719
159,69,196,174,0.638340
145,43,201,204,0.514203
121,42,177,204,0.460734
NaN,NaN,NaN,NaN,NaN
NaN,NaN,NaN,NaN,NaN
NaN,NaN,NaN,NaN,NaN
NaN,NaN,NaN,NaN,NaN
NaN,NaN,NaN,NaN,NaN
NaN,NaN,NaN,NaN,NaN
NaN,NaN,NaN,NaN,NaN
NaN,NaN,NaN,NaN,NaN
NaN,NaN,NaN,NaN,NaN
NaN,NaN,NaN,NaN,NaN
NaN,NaN,NaN,NaN,NaN
NaN,NaN,NaN,NaN,NaN
NaN,NaN,NaN,NaN,NaN
NaN,NaN,NaN,NaN,NaN
NaN,NaN,NaN,NaN,NaN
NaN,NaN,NaN,NaN,NaN
NaN,NaN,NaN,NaN,NaN
NaN,NaN,NaN,NaN,NaN
NaN,NaN,NaN,NaN,NaN
NaN,NaN,NaN,NaN,NaN
NaN,NaN,NaN,NaN,NaN
NaN,NaN,NaN,NaN,NaN
NaN,NaN,NaN,NaN,NaN
NaN,NaN,NaN,NaN,NaN
NaN,NaN,NaN,NaN,NaN
NaN,NaN,NaN,NaN,NaN
NaN,NaN,NaN,NaN,NaN
NaN,NaN,NaN,NaN,NaN
NaN,NaN,NaN,NaN,NaN
NaN,NaN,NaN,NaN,NaN
NaN,NaN,NaN,NaN,NaN
NaN,NaN,NaN,NaN,NaN
NaN,NaN,NaN,NaN,NaN
